11111111111111001111110010011110001111110100101001
01111110101001111111110101101111010011111111111011
11110101111110010011110001111110101001011111001111
11010010111111010001010011111011111111111111111110
10111111111111110011111101011111111111111111010111
01111111101010001111100110111011111101000101101011
11111100110111111110111111010010111111010001011111
00110111010111111110011111101010110101110111111110
11111101011111111111111001111110101111101111110011
11110101111111111111100111111010011011111111010111
00111001111111101011111001101110011010010111111110
1011110011111111010010